rect(185,180, 30, 30);
        rect(198, 210, 4, 14);
        rect(183, 224, 34, 45);
        line(217, 227, 234, 273);
        line(234, 273, 239, 273);
        line(234, 273, 235, 280);
fill(0);
ellipse(195,197, 5, 5);
ellipse(205, 197, 5, 5);
line(200, 205, 198, 200);
rect(181,200,3,3);
rect(215, 200, 3, 3);
rect(180, 199, 2, 5);
rect(217, 199, 2, 5);
line(188, 183, 186, 189);
line(195, 191, 188, 183);
line(195, 191, 201, 183);
line(201, 183, 206, 189);
line(206, 189, 210, 183);
line(210, 183, 215, 189);
fill();
rect()
rect(186, 210, 3,6);  
rect(189, 210, 5, 3);
rect(194, 210, 3, 5);
rect(199, 210, 4, 4);
rect(203, 210, 3, 6);
rect(208, 210,2, 4);
rect(210, 210,3, 5);
